| Beaver_01 | 1734 | 0 | 0 | 0 |
| Marten_01 | 1733 | 729 | 0 | 108 |
| Raccoon_01 | 850 | 0 | 0 | 0 |
| Reddeer_01 | 1628 | 0 | 0 | 0 |
| Roedeer_01 | 1353 | 27 | 0 | 0 |
| Wildboar_01 | 1732 | 0 | 0 | 0 |
| Badger_02 | 1728 | 0 | 0 | 0 |
| Beaver_02 | 1727 | 0 | 0 | 0 |
| Fox_02 | 957 | 0 | 0 | 0 |
| Marten_02 | 1726 | 0 | 0 | 0 |
| Raccoon_02 | 1639 | 0 | 0 | 0 |
| Rat_02 | 578 | 48 | 0 | 0 |
| Reddeer_02 | 1635 | 0 | 0 | 0 |
| Roedeer_02 | 888 | 0 | 0 | 0 |
| Badger_03 | 46 | 0 | 0 | 0 |
| Fox_03 | 34 | 1 | 1 | 1 |
| Raccoon_03 | 35 | 0 | 0 | 0 |
| Reddeer_03 | 1027 | 0 | 0 | 0 |
| Wildboar_03 | 46 | 0 | 0 | 0 |
| Badger_04 | 56 | 0 | 0 | 0 |
| Rat_04 | 39 | 0 | 0 | 0 |
| Reddeer_04 | 46 | 0 | 0 | 0 |
| Wildboar_04 | 39 | 0 | 0 | 0 |
| Badger_05 | 1105 | 69 | 0 | 1 |
| Beaver_05 | 1105 | 216 | 0 | 0 |
| Ermine_05 | 867 | 0 | 0 | 0 |
| Fox_05 | 1083 | 0 | 0 | 0 |
| Marten_05 | 888 | 2 | 0 | 2 |
| Raccoon_05 | 1088 | 1 | 0 | 1 |
| Reddeer_05 | 1078 | 0 | 0 | 0 |
| Roedeer_05 | 1090 | 0 | 0 | 0 |
| Wildboar_05 | 902 | 1 | 0 | 1 |
